-1.955 89.4389381347812
-1.654 83.2844142525681
-1.559 82.0934106465070
-1.52 77.6719677708561
-1.493 74.7159712946463
-1.459 80.2456383069937
-1.433 73.6373604019514
-1.432 73.0977665251572
-1.413 78.0379910388501
-1.392 74.8141925016715
-1.361 71.9606000641483
-1.271 71.1505883417332
-1.249 72.1821318365688
-1.189 71.3666092862665
-1.182 71.3025423341228
-1.136 66.6407723378576
-1.075 58.2390709066684
-1.022 64.3657003650281
-0.988 63.6861225719960
-0.961 61.0995463853173
-0.919 64.1132867989339
-0.901 62.1147744115301
-0.843 60.1296272304719
-0.718 55.2596697328261
-0.717 59.4921369087499
-0.705 56.5806011677315
-0.657 52.4955825616235
-0.625 52.1713370071821
-0.62 53.4597243086773
-0.592 57.3304676857422
-0.572 52.8250589168587
-0.567 49.4166688136487
-0.511 46.0304473007585
-0.46 52.9349073908718
-0.365 53.6546794621708
-0.345 53.0535570777971
-0.323 53.0813650727887
-0.315 51.9446660025423
-0.155 50.9077200094435
-0.05 46.0667894682722
-0.048 52.1938224247926
-0.043 52.0319034611532
-0.01 49.2249461079154
0.057 49.5147459482707
0.098 47.1938381814540
0.099 40.1138331419907
0.176 49.2237945779183
0.205 46.3137563587751
0.231 51.9092772272028
0.239 44.5437359445266
0.265 51.0461233036393
0.268 47.5512762879250
0.331 50.1319441721123
0.458 48.4306191495210
0.514 45.0994410296988
0.589 44.1569333974130
0.673 49.2582143666034
0.745 44.1971850093194
0.847 46.9931306303112
0.858 39.6867687795000
0.9 39.6388147657348
0.9 47.6002376789162
0.965 39.7521603583188
1.129 48.2157045383145
1.178 45.9563161324487
1.247 43.6556125986825
1.248 47.1414151359728
1.29 50.0086873663053
1.299 46.8944005872682
1.436 45.2626502238005
1.477 50.1395230767595
1.515 53.4247518007105
1.522 49.7843717831494
1.525 45.3680425639434
1.548 46.1975722363777
1.553 47.8800921762613
1.628 45.4075735034512
1.749 47.0189676998664
1.759 44.1284424064835
1.813 51.7578500246876
1.863 52.7404196467750
1.91 51.9608541335007
1.962 52.6957601980260
1.963 50.6569420988396
1.99 54.0536831164932
2.013 52.3713804008255
2.027 52.6020256369446
2.182 53.2120222003821
2.328 51.3813920599415
2.345 58.2809310027075
2.404 54.5993600880840
2.409 58.8323799246327
2.483 53.6203114346970
2.493 50.9040174241355
2.495 54.8257051266716
2.517 54.0415287697886
2.605 57.3051477122140
2.633 61.0962958490316
2.639 57.8816822636273
2.674 56.7366650042913
2.676 57.8731572833192
2.685 63.7850403249869
2.726 56.4315811842248
2.753 64.5333453140121
2.793 62.3506053203144
2.812 60.6105592398436
2.837 55.3339889462981
2.88 61.1332376449683
2.89 60.2829749474179
2.921 58.8737039252961
2.931 64.4304962612712
2.97 61.7479991834178
2.984 57.5160647726322
2.992 60.2522592968663
3.017 60.8673618464607
3.023 63.8893977834715
3.059 61.0716220734633
3.117 62.8920188208147
3.129 59.3265445623622
3.186 59.4065940022685
3.31 66.6891353905471
3.357 69.4998156147429
3.371 67.4746539558702
3.5 71.1267698763561
3.505 72.6155016466957
3.564 67.4192720094175
3.621 69.9329468398622
3.642 69.2330081632315
3.685 68.7611013008730
3.783 67.6424926353610
3.793 72.5685814450318
3.806 73.7815164409876
3.876 70.4257479024504
3.881 72.0620390370734
3.881 75.6516372859328
3.9 72.8401328966647
3.912 69.6495345020677
3.954 71.2093775956357
3.983 70.3493564472696
4.07 77.5632709026245
4.078 70.0419060811302
4.078 75.8994119247448
4.094 74.6095486776291
4.19 69.1640107421069
4.255 79.9640206776214
4.269 75.2295788884584
4.325 76.1135909386471
4.395 76.1325728768848
4.42 71.5865363935336
4.449 74.9233491910611
4.467 78.4154189190339
4.559 74.9272535378506
4.576 81.4518682775348
4.632 75.0869255232717
4.672 81.8881751774245
4.708 79.0249991560181
4.708 79.0749505932603
4.752 82.6444152856300
4.81 81.2476377735854
4.866 76.8984453169949
4.871 85.4067514780629
4.877 78.6709428160010
5.002 75.5494801178559
5.282 81.4990522265931
5.408 80.7955486935055
5.476 79.9508563146980
5.565 80.8962115675532
5.576 75.3840696086610
5.602 83.8302138180887
5.604 85.4132743952274
5.633 79.4504514580364
5.654 77.8101001391112
5.723 80.4561140892287
5.735 80.1271563496250
5.784 80.3496518302943
5.802 79.2336914119623
5.825 76.2457404644328
5.83 77.8930189490530
5.854 79.7098427386991
5.981 77.7628921487565
6.039 84.3166546508032
6.148 75.3044888293851
6.243 78.7273220975194
6.277 78.4158644990664
6.29 77.3599217466764
6.344 79.3206003446303
6.346 74.6760088921243
6.408 79.4275200896735
6.444 69.1242008044558
6.487 78.0182268752618
6.523 70.8923331643468
6.576 73.9988878854362
6.601 79.3061405433126
6.605 75.3539051446655
6.73 70.7475346652555
6.841 73.0693197392929
6.851 68.5272376571054
6.873 65.7358968472480
6.963 63.5465609344599
6.993 65.9306401556136
